1 0.410319 0.166223 0.034696 0.044676
1 0.840687 0.162182 0.036006 0.050983
1 0.413914 0.754700 0.035495 0.046571
1 0.692540 0.501091 0.030447 0.052542
1 0.792348 0.218705 0.031981 0.048921
1 0.358123 0.707686 0.035735 0.043669
1 0.175423 0.461475 0.034553 0.045252
1 0.867804 0.181918 0.029537 0.047290
1 0.749241 0.762014 0.035224 0.061199
1 0.314593 0.429820 0.031741 0.053885
1 0.500319 0.344736 0.032588 0.051583
1 0.626030 0.613981 0.031613 0.048106
1 0.268267 0.561235 0.031741 0.043333
1 0.464561 0.734245 0.037748 0.048825
1 0.173722 0.775252 0.027955 0.039712
1 0.905479 0.495540 0.028211 0.046235
1 0.705990 0.622638 0.028594 0.046235
1 0.520024 0.418118 0.033658 0.049664
1 0.909904 0.316679 0.021086 0.043429
1 0.240088 0.464317 0.032891 0.046139
1 0.610088 0.472998 0.028482 0.049113
1 0.727955 0.424161 0.027796 0.047362
1 0.555703 0.406835 0.028339 0.051079
1 0.152117 0.204185 0.029473 0.029472
1 0.428586 0.128897 0.042476 0.041966
1 0.180679 0.520971 0.032284 0.044341
1 0.919537 0.385216 0.033962 0.041415
1 0.360887 0.533249 0.031677 0.044916
1 0.323466 0.476079 0.036709 0.060072
1 0.514217 0.654760 0.028435 0.043333
1 0.303610 0.609005 0.035335 0.052542
1 0.567141 0.531379 0.032045 0.045971
1 0.544265 0.503213 0.031022 0.047194
1 0.550104 0.815432 0.029920 0.043333
1 0.201478 0.813213 0.022764 0.038897
1 0.373826 0.457278 0.028802 0.041655
1 0.468243 0.467314 0.029137 0.042542
1 0.272188 0.734712 0.026805 0.040168
1 0.502812 0.868177 0.040767 0.062494
1 0.772388 0.087734 0.033594 0.045971
1 0.565495 0.874964 0.041534 0.047290
1 0.618746 0.796439 0.033019 0.082086
1 0.650871 0.877626 0.036565 0.043022
1 0.514984 0.131930 0.017188 0.043237
1 0.416086 0.855923 0.023866 0.033189
1 0.379633 0.837458 0.034026 0.034628
1 0.920120 0.290743 0.015958 0.029928
1 0.151869 0.378477 0.028978 0.027938
1 0.332045 0.850935 0.044281 0.047194
1 0.767276 0.873921 0.039345 0.040408
1 0.282420 0.874496 0.018514 0.027170
1 0.108490 0.391595 0.060431 0.106930
1 0.829233 0.729293 0.108946 0.168417
1 0.825687 0.270983 0.034760 0.038369
1 0.524896 0.157158 0.021038 0.079305
1 0.591294 0.169688 0.022843 0.037218
1 0.191086 0.278921 0.062684 0.097410
1 0.267476 0.281283 0.020575 0.049376
1 0.462492 0.308561 0.046390 0.051175
1 0.166110 0.275360 0.022316 0.114269
1 0.321821 0.280540 0.020639 0.067074
1 0.299273 0.523034 0.055415 0.048465
1 0.679010 0.792446 0.073674 0.064508
1 0.251198 0.611595 0.055112 0.057722
1 0.283107 0.229257 0.077396 0.041247
1 0.480168 0.208213 0.027428 0.037530
1 0.458898 0.609005 0.045591 0.066930
1 0.497572 0.719508 0.011118 0.072110
1 0.668826 0.613909 0.021358 0.038369
1 0.429720 0.547026 0.047939 0.101247
1 0.849305 0.432446 0.050048 0.068729
1 0.760791 0.831607 0.013594 0.061295
1 0.237764 0.814880 0.031438 0.066211
1 0.138307 0.485971 0.049776 0.041487
1 0.140463 0.363010 0.025335 0.016187
1 0.732396 0.721906 0.033482 0.038537
1 0.170248 0.818273 0.033786 0.039424
1 0.784177 0.807722 0.053978 0.047098
1 0.639329 0.769005 0.026262 0.036811
1 0.672700 0.198705 0.038690 0.052086
1 0.868219 0.582494 0.039952 0.085851
1 0.860463 0.220815 0.027636 0.053141
1 0.775831 0.467518 0.056454 0.100504
1 0.964944 0.223669 0.070463 0.097218
1 0.337931 0.207842 0.043275 0.051175
1 0.174113 0.180072 0.105415 0.081966
1 0.039808 0.229065 0.076422 0.165564
1 0.115216 0.878801 0.032348 0.026187
1 0.622652 0.123657 0.197380 0.045875
1 0.920519 0.061439 0.160527 0.108489
1 0.131366 0.057326 0.256342 0.109856
1 0.959137 0.562098 0.081214 0.299257
1 0.037780 0.635815 0.075559 0.154125
1 0.935711 0.926571 0.127013 0.059376
1 0.765240 0.077650 0.016102 0.025803
1 0.141454 0.733657 0.049681 0.076427
1 0.889425 0.519628 0.050415 0.104005
1 0.572564 0.831559 0.030112 0.070791
1 0.831534 0.177134 0.014505 0.023333
