1 0.608050 0.488767 0.066869 0.049367
1 0.786635 0.147647 0.028654 0.021191
1 0.402654 0.177519 0.028385 0.046909
1 0.688308 0.391333 0.041231 0.030302
1 0.566442 0.129759 0.023654 0.038346
1 0.353273 0.341550 0.034238 0.046049
1 0.279558 0.151229 0.017577 0.030246
1 0.744531 0.252235 0.027523 0.037552
1 0.722277 0.433568 0.027631 0.046720
1 0.632619 0.323218 0.023700 0.049083
1 0.869777 0.445723 0.050323 0.018100
1 0.280892 0.401999 0.044862 0.028951
1 0.721050 0.371049 0.035946 0.048336
1 0.274081 0.552122 0.032777 0.039972
1 0.231754 0.332377 0.048123 0.025813
1 0.691250 0.183053 0.028654 0.039074
1 0.759538 0.440520 0.048308 0.032268
1 0.261996 0.483819 0.034762 0.030019
1 0.885904 0.320737 0.034885 0.025217
1 0.864427 0.373776 0.045777 0.032996
1 0.711765 0.610789 0.034300 0.041994
1 0.434685 0.628426 0.046292 0.028119
1 0.743458 0.626181 0.034608 0.046314
1 0.514523 0.321777 0.024431 0.049981
1 0.582650 0.355605 0.036069 0.043913
1 0.721923 0.773634 0.040769 0.023639
1 0.382015 0.618743 0.056338 0.029546
1 0.750496 0.345028 0.019454 0.054896
1 0.475592 0.661588 0.028108 0.041512
1 0.160765 0.696115 0.023069 0.036843
1 0.763538 0.759872 0.030154 0.058497
1 0.866015 0.537098 0.052031 0.079868
1 0.123477 0.624093 0.048492 0.027013
1 0.234400 0.767982 0.024185 0.031238
1 0.366931 0.340066 0.132323 0.167845
1 0.559800 0.397746 0.016523 0.046909
1 0.761077 0.511356 0.048308 0.035945
1 0.466215 0.731040 0.097046 0.165293
1 0.688627 0.482925 0.034177 0.028233
1 0.112846 0.427155 0.051846 0.016881
1 0.408535 0.535421 0.064762 0.084074
1 0.383623 0.514934 0.022631 0.050662
1 0.145765 0.718360 0.034608 0.018951
1 0.154000 0.342405 0.097231 0.113922
1 0.399781 0.528658 0.019562 0.055425
1 0.567596 0.681824 0.015192 0.057410
1 0.811562 0.501994 0.046200 0.024783
1 0.803573 0.716082 0.051762 0.031408
1 0.662596 0.625917 0.034423 0.045784
1 0.284012 0.771007 0.015715 0.033507
1 0.359954 0.790950 0.018369 0.037476
1 0.477146 0.565463 0.054292 0.045860
1 0.663981 0.571186 0.024885 0.051635
1 0.351854 0.466120 0.019092 0.041881
1 0.588092 0.682647 0.126954 0.229187
1 0.179050 0.754348 0.013485 0.032325
1 0.287081 0.794050 0.031085 0.039896
1 0.630577 0.177434 0.076538 0.109121
1 0.457858 0.806040 0.015715 0.039301
1 0.383485 0.783384 0.050046 0.028015
1 0.437827 0.139499 0.049500 0.093743
1 0.477942 0.173398 0.111269 0.152089
1 0.568515 0.806125 0.027800 0.041361
1 0.498888 0.382453 0.008546 0.012543
1 0.751254 0.304206 0.020969 0.029962
1 0.624723 0.139041 0.014062 0.017212
1 0.384519 0.578989 0.015192 0.027543
1 0.727885 0.177675 0.046538 0.073686
1 0.642927 0.642032 0.018162 0.034537
1 0.430938 0.500099 0.018800 0.026664
1 0.471185 0.402462 0.040831 0.048781
1 0.738904 0.493757 0.014731 0.017760
1 0.608769 0.283455 0.012923 0.016815
1 0.629638 0.423743 0.013123 0.017618
1 0.809658 0.330903 0.017777 0.036096
1 0.516073 0.448696 0.013685 0.018374
1 0.516765 0.385728 0.013531 0.019093
1 0.651527 0.475515 0.029208 0.051219
1 0.565592 0.311196 0.020415 0.038270
1 0.645196 0.569315 0.021162 0.030879
1 0.344012 0.503001 0.014177 0.017344
1 0.721646 0.147769 0.010985 0.013875
1 0.190527 0.253341 0.014900 0.017079
1 0.268100 0.701749 0.013123 0.025425
1 0.267973 0.209178 0.011331 0.023270
1 0.782069 0.346782 0.010292 0.014924
1 0.743765 0.318795 0.013685 0.017552
1 0.267827 0.456621 0.012577 0.026664
1 0.248362 0.659041 0.010569 0.011843
1 0.734658 0.160506 0.010854 0.010992
1 0.613077 0.331612 0.013846 0.024282
1 0.381812 0.332424 0.014392 0.025907
1 0.200712 0.626838 0.007577 0.013601
1 0.157304 0.579201 0.013069 0.024187
1 0.691219 0.592788 0.016285 0.021115
1 0.119535 0.333129 0.014454 0.025425
1 0.613458 0.577760 0.013069 0.025085
1 0.400246 0.801129 0.014338 0.016248
1 0.766946 0.483540 0.027738 0.031352
1 0.457277 0.781295 0.014554 0.018166
1 0.529488 0.330629 0.015900 0.022316
1 0.330323 0.349315 0.006800 0.010539
1 0.608281 0.662150 0.010408 0.021843
1 0.305973 0.521517 0.013485 0.016569
1 0.795127 0.613199 0.013331 0.016569
1 0.643558 0.457722 0.011731 0.015633
1 0.573615 0.330194 0.016462 0.029008
1 0.247877 0.370090 0.009600 0.010501
1 0.688312 0.508790 0.012008 0.015690
1 0.496612 0.700950 0.011685 0.021938
1 0.323669 0.237349 0.008877 0.013450
1 0.532604 0.458629 0.017515 0.043913
