1 0.134625 0.584928 0.023243 0.042758
1 0.133818 0.673070 0.018435 0.041583
1 0.594058 0.090264 0.025176 0.031847
1 0.209361 0.116367 0.025751 0.036091
1 0.174097 0.610300 0.025511 0.045540
1 0.134018 0.632302 0.022029 0.041583
1 0.212636 0.553417 0.025911 0.037290
1 0.231246 0.152722 0.024792 0.032062
1 0.840439 0.182950 0.019537 0.034964
1 0.742556 0.230480 0.031438 0.058082
1 0.844361 0.306918 0.027380 0.033501
1 0.378458 0.136091 0.028482 0.046763
1 0.591318 0.152842 0.022891 0.041894
1 0.159848 0.717098 0.019377 0.033717
1 0.266062 0.104281 0.027332 0.035899
1 0.427580 0.100755 0.018099 0.043237
1 0.193458 0.695456 0.032284 0.043189
1 0.849960 0.284520 0.025799 0.036667
1 0.155615 0.743321 0.023690 0.033405
1 0.346214 0.142506 0.024696 0.054796
1 0.813275 0.437350 0.025911 0.049760
1 0.163003 0.176930 0.019297 0.046906
1 0.856757 0.620168 0.020224 0.031703
1 0.747141 0.694329 0.031022 0.040935
1 0.226613 0.780995 0.031502 0.046403
1 0.306629 0.110779 0.019010 0.029712
1 0.319089 0.174652 0.031150 0.051942
1 0.843235 0.751799 0.015543 0.026379
1 0.811118 0.818189 0.018403 0.029664
1 0.166933 0.318429 0.023962 0.042134
1 0.676382 0.871871 0.020495 0.036307
1 0.339161 0.860372 0.023371 0.032494
1 0.448155 0.758993 0.030495 0.050360
1 0.369968 0.843621 0.021086 0.037362
1 0.305847 0.284628 0.036613 0.046475
1 0.159744 0.367122 0.019169 0.043597
1 0.498003 0.825468 0.027955 0.034628
1 0.200775 0.825779 0.027748 0.030456
1 0.300503 0.847566 0.016342 0.021271
1 0.406478 0.117434 0.027013 0.047818
1 0.801430 0.287086 0.050144 0.041799
1 0.703147 0.877098 0.026102 0.027578
1 0.367700 0.692014 0.032524 0.041103
1 0.858331 0.564101 0.020176 0.034676
1 0.824337 0.327386 0.025671 0.040863
1 0.377133 0.337278 0.032220 0.055851
1 0.580807 0.467554 0.030623 0.038225
1 0.566254 0.864329 0.027077 0.035612
1 0.547404 0.307482 0.030911 0.049017
1 0.338738 0.196439 0.032109 0.047554
1 0.515200 0.846187 0.024010 0.032902
1 0.425503 0.257974 0.029920 0.055516
1 0.578450 0.725827 0.022716 0.051175
1 0.554577 0.371775 0.035671 0.033717
1 0.239992 0.842338 0.016725 0.020408
1 0.307564 0.620420 0.033658 0.041799
1 0.441230 0.239245 0.029425 0.046835
1 0.390527 0.383765 0.023866 0.048106
1 0.386717 0.277254 0.032220 0.041319
1 0.530703 0.514436 0.019872 0.040863
1 0.500735 0.718022 0.017444 0.030767
1 0.336198 0.535635 0.065367 0.088058
1 0.445535 0.367074 0.034840 0.043501
1 0.661414 0.569580 0.022508 0.036043
1 0.183578 0.282662 0.066837 0.176835
1 0.186150 0.646031 0.036837 0.025875
1 0.227540 0.211031 0.026965 0.033573
1 0.522284 0.570228 0.025399 0.042134
1 0.254169 0.420839 0.038690 0.040719
1 0.258714 0.469880 0.095703 0.167578
1 0.163690 0.223525 0.023866 0.029784
1 0.184505 0.779940 0.023962 0.029904
1 0.187812 0.155456 0.024185 0.027938
1 0.229137 0.507950 0.023770 0.027890
1 0.205535 0.264700 0.021294 0.025803
1 0.235647 0.630012 0.024010 0.041799
1 0.305663 0.191403 0.026661 0.032686
1 0.663690 0.202566 0.023866 0.035827
1 0.818690 0.581667 0.059105 0.050624
1 0.416981 0.156175 0.022460 0.048561
1 0.243339 0.547518 0.023419 0.025492
1 0.766118 0.201223 0.017859 0.028345
1 0.810120 0.642902 0.022796 0.029209
1 0.813315 0.401727 0.016406 0.026475
1 0.627740 0.153597 0.012668 0.038609
1 0.410264 0.769928 0.018610 0.024269
1 0.820567 0.670971 0.059665 0.056571
1 0.233267 0.720288 0.035224 0.035300
1 0.259289 0.762530 0.032955 0.028657
1 0.363738 0.207026 0.027796 0.030360
1 0.302340 0.154400 0.013626 0.021031
1 0.601542 0.758249 0.017780 0.024892
1 0.290791 0.688213 0.048035 0.028705
1 0.217572 0.604652 0.070927 0.039041
1 0.779153 0.310108 0.031150 0.025492
1 0.666661 0.752362 0.020224 0.041894
1 0.775232 0.195456 0.039281 0.059976
1 0.751150 0.547698 0.023067 0.040240
1 0.633179 0.308010 0.061885 0.093237
1 0.273395 0.830144 0.019633 0.024796
1 0.331198 0.795635 0.058562 0.046906
1 0.731637 0.778213 0.028770 0.036043
1 0.796765 0.420468 0.015256 0.025588
1 0.613235 0.812914 0.018802 0.033501
1 0.117516 0.707374 0.017780 0.023861
1 0.082109 0.597494 0.014058 0.039113
