1 0.304042 0.122218 0.023419 0.033405
1 0.402548 0.331703 0.031933 0.044700
1 0.209185 0.229520 0.038179 0.051367
1 0.329832 0.199856 0.030272 0.054388
1 0.213251 0.279053 0.030335 0.044916
1 0.729960 0.349029 0.031805 0.045779
1 0.884553 0.235743 0.024696 0.030240
1 0.584633 0.694317 0.041470 0.055300
1 0.298131 0.217986 0.033962 0.052278
1 0.246885 0.212782 0.036901 0.046667
1 0.457971 0.428022 0.030958 0.031103
1 0.178355 0.263453 0.027636 0.047290
1 0.178395 0.308094 0.024521 0.031055
1 0.668978 0.540288 0.040831 0.068585
1 0.772947 0.362614 0.025128 0.044173
1 0.683498 0.383873 0.028339 0.038729
1 0.436382 0.569892 0.029313 0.036667
1 0.529249 0.648501 0.026550 0.040408
1 0.875272 0.199400 0.022109 0.034293
1 0.547652 0.723106 0.034601 0.050528
1 0.354265 0.530312 0.028019 0.039041
1 0.768762 0.476439 0.029537 0.036811
1 0.531837 0.457698 0.025335 0.032902
1 0.726542 0.276403 0.028163 0.044412
1 0.742772 0.703225 0.035064 0.044341
1 0.589377 0.228717 0.022204 0.035372
1 0.269305 0.556942 0.030623 0.044341
1 0.727987 0.194772 0.024665 0.029832
1 0.329105 0.106043 0.025623 0.029832
1 0.208067 0.698981 0.026358 0.045444
1 0.632484 0.547194 0.054105 0.072806
1 0.183930 0.652446 0.026006 0.033909
1 0.312788 0.844137 0.021741 0.043189
1 0.327101 0.368681 0.056757 0.089880
1 0.445855 0.275959 0.051454 0.077098
1 0.874720 0.336403 0.021006 0.030120
1 0.451382 0.483177 0.030559 0.035899
1 0.735831 0.655612 0.024377 0.040240
1 0.557460 0.547734 0.025463 0.040312
1 0.523898 0.354760 0.047796 0.081223
1 0.871166 0.435276 0.029872 0.045612
1 0.391102 0.110252 0.021821 0.028657
1 0.853874 0.178058 0.024042 0.039568
1 0.490367 0.158873 0.031853 0.053957
1 0.232029 0.685072 0.026358 0.036811
1 0.272851 0.849676 0.021741 0.030288
1 0.494896 0.342470 0.018546 0.023070
1 0.297979 0.446978 0.027268 0.040240
1 0.217604 0.846163 0.026262 0.042446
1 0.206510 0.798261 0.016853 0.028177
1 0.235927 0.135695 0.024569 0.036379
1 0.858315 0.112650 0.023339 0.028657
1 0.537540 0.104832 0.020767 0.027410
1 0.598458 0.286427 0.027588 0.030887
1 0.485974 0.110516 0.026262 0.033981
1 0.618962 0.139808 0.023866 0.044604
1 0.778634 0.107194 0.026917 0.032134
1 0.291110 0.106343 0.016725 0.040024
1 0.289241 0.874341 0.019377 0.031655
1 0.479473 0.549520 0.067572 0.091847
1 0.147628 0.167002 0.017300 0.027050
1 0.576845 0.104808 0.019505 0.027362
1 0.559393 0.179676 0.022939 0.028417
1 0.865120 0.249964 0.017780 0.025108
1 0.660687 0.110827 0.017859 0.025012
1 0.691086 0.103561 0.030735 0.039257
1 0.888954 0.555168 0.020719 0.040791
1 0.356102 0.125959 0.022109 0.031295
1 0.497867 0.762158 0.113946 0.186187
1 0.780248 0.125624 0.046118 0.068993
1 0.801885 0.855707 0.022300 0.042350
1 0.276014 0.207542 0.018482 0.045779
1 0.445535 0.121679 0.041230 0.089880
1 0.363315 0.171523 0.014169 0.021703
1 0.332412 0.249520 0.048211 0.062590
1 0.759233 0.207314 0.032843 0.050120
1 0.564609 0.234101 0.036565 0.060528
1 0.535950 0.157338 0.014393 0.022110
1 0.270927 0.695564 0.030671 0.038609
1 0.268155 0.590180 0.037907 0.048465
1 0.792412 0.357758 0.025719 0.029664
1 0.246230 0.447266 0.026006 0.045612
1 0.757748 0.263333 0.049042 0.061439
1 0.292971 0.582926 0.042812 0.053141
1 0.639377 0.239436 0.045527 0.071199
1 0.643442 0.796331 0.028099 0.033909
1 0.439529 0.227170 0.032412 0.046667
1 0.361030 0.789796 0.028770 0.035228
1 0.412165 0.282902 0.038387 0.047818
1 0.283562 0.417518 0.030383 0.048465
1 0.489425 0.246763 0.049137 0.085851
1 0.385232 0.133921 0.042029 0.090384
1 0.708091 0.771499 0.039185 0.051391
1 0.270807 0.341343 0.040016 0.059185
1 0.774657 0.552758 0.041326 0.050360
1 0.460359 0.198597 0.035735 0.042278
1 0.304505 0.767482 0.040319 0.028969
1 0.783514 0.701559 0.033482 0.074580
1 0.242740 0.650108 0.035000 0.038825
1 0.216326 0.333237 0.042875 0.071751
1 0.830032 0.619185 0.021086 0.048921
1 0.241693 0.515048 0.029712 0.022902
1 0.791022 0.439976 0.038914 0.021439
1 0.315655 0.428237 0.081789 0.098681
1 0.198091 0.606067 0.047939 0.056259
1 0.822987 0.688082 0.112428 0.273046
1 0.230815 0.472206 0.036709 0.037938
1 0.814657 0.401727 0.035064 0.026475
1 0.211981 0.729772 0.056550 0.059065
1 0.686142 0.808621 0.081550 0.096859
1 0.871174 0.560216 0.036278 0.022110
1 0.047708 0.610276 0.015543 0.026307
1 0.127228 0.457122 0.011645 0.036547
1 0.588123 0.068609 0.022891 0.022110
1 0.586669 0.016607 0.016789 0.028417
1 0.803267 0.785108 0.021869 0.040240
1 0.531054 0.025935 0.017380 0.018297
