1 0.761973 0.322707 0.054297 0.068963
1 0.581438 0.368269 0.073419 0.068699
1 0.688027 0.227425 0.059760 0.054148
1 0.351550 0.536968 0.067316 0.061634
1 0.475519 0.316195 0.059665 0.066485
1 0.710751 0.276318 0.047700 0.050000
1 0.415966 0.328111 0.058770 0.069227
1 0.708083 0.582355 0.051949 0.064534
1 0.412252 0.555518 0.067316 0.060070
1 0.648962 0.403743 0.055112 0.062320
1 0.736605 0.435422 0.054681 0.048348
1 0.185847 0.393647 0.036230 0.049156
1 0.683890 0.446511 0.064265 0.052953
1 0.548403 0.503462 0.068051 0.057891
1 0.416597 0.487970 0.063227 0.079631
1 0.497332 0.557056 0.058562 0.059631
1 0.608139 0.472074 0.072508 0.054868
1 0.702732 0.666002 0.044441 0.073656
1 0.714784 0.483972 0.068546 0.043515
1 0.531973 0.264692 0.038387 0.054868
1 0.480455 0.485404 0.056757 0.070984
1 0.658650 0.334411 0.052125 0.060738
1 0.315479 0.322636 0.046294 0.054763
1 0.767244 0.506134 0.048866 0.056204
1 0.326246 0.623084 0.064633 0.082724
1 0.694281 0.397654 0.040319 0.053656
1 0.537324 0.442214 0.074649 0.047873
1 0.392444 0.372302 0.056454 0.059192
1 0.599513 0.428076 0.061645 0.047715
1 0.203075 0.452671 0.041933 0.065272
1 0.598403 0.269200 0.030671 0.032250
1 0.253251 0.477531 0.052827 0.044692
1 0.349409 0.468568 0.056645 0.072460
1 0.728698 0.387021 0.035671 0.060510
