1 0.556062 0.097734 0.016278 0.022806
1 0.346949 0.206990 0.016581 0.025492
1 0.266589 0.272230 0.015607 0.026475
1 0.381813 0.140252 0.016022 0.026307
1 0.368139 0.153285 0.014233 0.023597
1 0.557412 0.131271 0.025367 0.032326
1 0.654233 0.207866 0.020927 0.022446
1 0.528842 0.175240 0.022540 0.024341
1 0.331158 0.224916 0.020144 0.022974
1 0.512420 0.150671 0.015256 0.023165
1 0.369896 0.123010 0.014553 0.025396
1 0.509265 0.089365 0.012141 0.020456
1 0.241326 0.593225 0.022588 0.030576
1 0.259257 0.496631 0.016917 0.024436
1 0.456270 0.410707 0.021166 0.030048
1 0.606438 0.162494 0.014792 0.027626
1 0.372268 0.806703 0.019297 0.025875
1 0.632316 0.183405 0.021821 0.016691
1 0.420439 0.100276 0.022987 0.027890
1 0.549002 0.420516 0.024521 0.025683
1 0.669736 0.284868 0.016789 0.032566
1 0.716597 0.572194 0.017859 0.026882
1 0.493179 0.465695 0.024696 0.029712
1 0.532588 0.082818 0.014058 0.016954
1 0.636006 0.221511 0.013227 0.020959
1 0.584808 0.192458 0.013067 0.025204
1 0.456709 0.191631 0.028435 0.033141
1 0.444345 0.507758 0.019681 0.022710
1 0.221350 0.441918 0.017780 0.030120
1 0.726342 0.508669 0.024569 0.029329
1 0.734081 0.469616 0.011294 0.032758
1 0.465096 0.493861 0.022843 0.028489
1 0.253171 0.320659 0.020719 0.017818
1 0.766446 0.407590 0.018514 0.033405
1 0.241062 0.467482 0.012476 0.023693
1 0.686542 0.692194 0.015256 0.022278
1 0.249385 0.696331 0.016342 0.020959
1 0.727149 0.354916 0.010208 0.019185
1 0.303059 0.268849 0.018259 0.034101
1 0.463634 0.320983 0.026310 0.028058
1 0.386246 0.830863 0.015304 0.021439
1 0.429377 0.802218 0.015304 0.021703
1 0.434337 0.644928 0.022029 0.047650
1 0.518235 0.571679 0.020495 0.030647
1 0.265879 0.681871 0.023770 0.030408
1 0.386246 0.503094 0.015304 0.022974
1 0.282021 0.474664 0.017716 0.018873
1 0.719681 0.382962 0.011246 0.027314
1 0.598850 0.470156 0.021981 0.029041
1 0.397883 0.410216 0.013019 0.024269
1 0.519673 0.393010 0.023371 0.028225
1 0.246701 0.625228 0.014169 0.022638
1 0.439153 0.570600 0.018882 0.028489
1 0.718738 0.315995 0.025335 0.032470
1 0.434872 0.852338 0.023099 0.035612
1 0.200136 0.469341 0.013690 0.032206
1 0.745519 0.335084 0.008610 0.017890
1 0.541454 0.789221 0.012620 0.019688
1 0.505256 0.482746 0.020096 0.030240
1 0.604728 0.584233 0.020958 0.031775
1 0.258962 0.627998 0.009936 0.018585
1 0.241717 0.526343 0.020176 0.026307
1 0.293778 0.735887 0.012476 0.023333
1 0.340343 0.696343 0.022540 0.030576
1 0.498778 0.286535 0.013530 0.021511
1 0.335439 0.552722 0.022316 0.031103
1 0.453634 0.798309 0.015895 0.028273
1 0.543554 0.505803 0.013626 0.023597
1 0.568594 0.689041 0.015783 0.030360
1 0.403634 0.864436 0.011741 0.021439
1 0.457220 0.601415 0.019872 0.037362
1 0.316749 0.715612 0.010495 0.016355
1 0.670519 0.727422 0.011965 0.020791
1 0.519641 0.822650 0.016917 0.019400
1 0.599449 0.881475 0.013594 0.021942
1 0.491813 0.651127 0.018770 0.026475
1 0.703259 0.627878 0.032716 0.037530
1 0.490288 0.828525 0.015719 0.011966
1 0.687796 0.756487 0.011374 0.021367
1 0.217524 0.388933 0.016518 0.020072
1 0.555080 0.878213 0.011118 0.025012
1 0.457308 0.374376 0.016853 0.024532
1 0.529968 0.106343 0.018403 0.064005
1 0.461478 0.745084 0.015607 0.032134
1 0.565304 0.862194 0.009201 0.016954
1 0.304712 0.680612 0.018371 0.042278
1 0.610040 0.529976 0.015607 0.019185
1 0.564625 0.327902 0.011038 0.022710
1 0.762372 0.557410 0.007173 0.016499
1 0.357899 0.757722 0.012923 0.014245
1 0.748602 0.431487 0.046725 0.071607
1 0.522620 0.526918 0.019681 0.027458
1 0.270982 0.324245 0.040367 0.125707
1 0.505607 0.737830 0.020799 0.027218
1 0.534609 0.724317 0.014904 0.028969
1 0.232692 0.404940 0.050048 0.052086
1 0.331941 0.375372 0.018514 0.103261
1 0.220343 0.485851 0.044521 0.036451
1 0.387931 0.555396 0.060208 0.089209
