1 0.210361 0.571689 0.037048 0.051541
1 0.722629 0.533082 0.028932 0.043714
1 0.361731 0.509520 0.037748 0.045571
1 0.760469 0.496964 0.031143 0.059235
1 0.148252 0.582189 0.027116 0.043969
1 0.222282 0.646301 0.030959 0.045663
1 0.401031 0.500750 0.026551 0.042316
1 0.033051 0.532883 0.030728 0.037194
1 0.559412 0.593964 0.035830 0.045071
1 0.197595 0.528281 0.030565 0.030031
1 0.146629 0.622546 0.027952 0.043051
1 0.404224 0.646056 0.034299 0.049255
1 0.719187 0.603240 0.030211 0.043214
1 0.104616 0.617276 0.026918 0.038633
1 0.802701 0.559918 0.031252 0.046367
1 0.588687 0.600602 0.024993 0.042020
1 0.626221 0.621898 0.030673 0.047878
1 0.687184 0.619633 0.030150 0.047429
1 0.642915 0.662536 0.027327 0.047520
1 0.411840 0.601066 0.033204 0.034786
1 0.441187 0.635709 0.029313 0.044888
1 0.340595 0.660628 0.030850 0.039622
1 0.523299 0.638418 0.023469 0.050306
1 0.912320 0.592041 0.026000 0.041224
1 0.461306 0.626617 0.027374 0.040990
1 0.181452 0.605383 0.028211 0.029133
1 0.488129 0.663235 0.032041 0.046878
1 0.026374 0.489250 0.021456 0.031561
