1 0.225162 0.456932 0.050325 0.077092
1 0.639244 0.154250 0.040987 0.072101
1 0.675238 0.243818 0.042975 0.063621
1 0.673875 0.370507 0.040250 0.065591
1 0.514944 0.219540 0.037387 0.056341
1 0.458831 0.144381 0.035162 0.052364
1 0.766488 0.420910 0.042975 0.068837
1 0.557931 0.209137 0.045863 0.073058
1 0.375700 0.138311 0.033900 0.047730
1 0.746769 0.574362 0.033537 0.045535
1 0.289519 0.656942 0.041537 0.064353
1 0.377812 0.367805 0.040625 0.067692
1 0.209013 0.508133 0.033025 0.070675
1 0.609469 0.407017 0.036437 0.059812
1 0.636450 0.588386 0.035400 0.051069
1 0.460337 0.414203 0.035675 0.051670
1 0.503019 0.098752 0.033537 0.051163
1 0.342456 0.372645 0.032412 0.047355
1 0.246669 0.295328 0.040837 0.046567
1 0.424450 0.497580 0.033900 0.049568
1 0.466863 0.335957 0.036225 0.060281
1 0.235837 0.359794 0.031675 0.051670
1 0.256638 0.615038 0.043275 0.078105
1 0.325625 0.656529 0.031250 0.063527
1 0.307944 0.494681 0.038387 0.077542
1 0.392137 0.538152 0.044275 0.063171
1 0.275169 0.309024 0.035338 0.036435
1 0.693131 0.528405 0.038763 0.066191
1 0.460769 0.459784 0.041537 0.052777
1 0.661637 0.640244 0.043275 0.064728
1 0.783250 0.503283 0.036500 0.064728
1 0.550481 0.328612 0.045963 0.064353
1 0.334794 0.511201 0.044588 0.076811
1 0.560581 0.592392 0.036163 0.051576
1 0.427056 0.595901 0.031613 0.062345
1 0.306775 0.791135 0.028550 0.062570
1 0.442444 0.756632 0.037387 0.064859
1 0.668825 0.795563 0.030150 0.048912
1 0.443756 0.547617 0.047512 0.055835
1 0.455569 0.669006 0.041137 0.065966
1 0.418194 0.426126 0.041388 0.060507
1 0.496437 0.870797 0.042875 0.045535
1 0.375919 0.493049 0.044338 0.059268
1 0.511019 0.643837 0.032037 0.041895
1 0.557581 0.280985 0.035162 0.040394
1 0.394944 0.176435 0.034888 0.067692
1 0.401487 0.816529 0.042975 0.060826
1 0.403100 0.653827 0.043700 0.061876
1 0.358425 0.190760 0.026850 0.066323
1 0.601862 0.465872 0.041225 0.064953
1 0.261194 0.673283 0.034888 0.044503
1 0.492638 0.411454 0.032775 0.049925
1 0.418013 0.100131 0.031025 0.035159
1 0.481563 0.738555 0.040625 0.062477
1 0.401788 0.332336 0.036075 0.049287
1 0.592856 0.722908 0.048212 0.064953
1 0.362206 0.572439 0.049412 0.045441
1 0.362106 0.306013 0.036713 0.037917
1 0.287137 0.396961 0.044275 0.065966
1 0.669912 0.700460 0.034825 0.065084
1 0.700781 0.706154 0.036562 0.057711
1 0.553131 0.663649 0.048763 0.074015
1 0.433044 0.277570 0.048587 0.067336
1 0.496587 0.570188 0.035675 0.067205
1 0.373375 0.780047 0.029250 0.074165
1 0.430812 0.845760 0.039125 0.044240
1 0.661906 0.471679 0.028813 0.065310
1 0.592481 0.540572 0.049962 0.064259
1 0.330369 0.591717 0.035737 0.065235
1 0.763775 0.611698 0.030050 0.048912
1 0.521619 0.679709 0.038238 0.042345
1 0.420369 0.883199 0.038238 0.047824
1 0.715350 0.749296 0.033200 0.042683
1 0.551388 0.502214 0.030275 0.043827
1 0.631850 0.634719 0.023700 0.049925
1 0.633431 0.811651 0.021862 0.032308
1 0.565125 0.868358 0.037750 0.044409
1 0.530781 0.834962 0.039062 0.041407
1 0.449594 0.906351 0.039188 0.049099
1 0.639694 0.267674 0.024388 0.141351
1 0.583275 0.626182 0.056550 0.092889
1 0.438456 0.181501 0.021913 0.085328
1 0.311044 0.392158 0.049587 0.045103
1 0.523937 0.275807 0.030375 0.060056
1 0.559169 0.897899 0.040837 0.032195
1 0.326831 0.762795 0.033662 0.043415
1 0.722844 0.590169 0.023187 0.020863
1 0.540306 0.878208 0.010613 0.045347
1 0.550744 0.628265 0.008988 0.037017
1 0.750113 0.513030 0.042725 0.027936
