1 0.876875 0.344209 0.051250 0.069265
1 0.525231 0.373318 0.037963 0.056214
1 0.286925 0.297494 0.043850 0.056013
1 0.377669 0.244677 0.030337 0.052829
1 0.136056 0.523575 0.037112 0.062739
1 0.258419 0.402038 0.039337 0.064655
1 0.622244 0.387060 0.031988 0.052517
1 0.858044 0.267996 0.031088 0.041559
1 0.105112 0.563931 0.042725 0.049911
1 0.284612 0.493062 0.046725 0.077439
1 0.379012 0.362238 0.033025 0.056325
1 0.603556 0.333786 0.034613 0.048419
1 0.192425 0.262584 0.032350 0.053007
1 0.179563 0.422539 0.039125 0.061114
1 0.609300 0.254844 0.028600 0.046437
1 0.153156 0.393296 0.031313 0.051626
1 0.771125 0.229521 0.029750 0.049243
1 0.898719 0.476837 0.024937 0.071715
1 0.709100 0.234254 0.033200 0.049800
1 0.119925 0.393686 0.039850 0.047951
1 0.501012 0.311782 0.044525 0.048953
1 0.194213 0.467639 0.040925 0.053318
1 0.266163 0.720646 0.037325 0.051537
1 0.768575 0.703953 0.047150 0.067149
1 0.755019 0.484176 0.032538 0.050757
1 0.151800 0.280067 0.033600 0.052339
1 0.774906 0.406726 0.029813 0.056214
1 0.853644 0.422138 0.032287 0.046949
1 0.419650 0.391514 0.031800 0.052517
1 0.824169 0.279421 0.028338 0.042138
1 0.311056 0.696002 0.034613 0.051247
1 0.161913 0.491258 0.041325 0.056013
1 0.713019 0.531826 0.038537 0.052517
1 0.428975 0.223608 0.027950 0.046325
1 0.868750 0.474310 0.035000 0.057751
1 0.800462 0.505100 0.040925 0.043608
1 0.450169 0.479076 0.035338 0.045011
1 0.375487 0.686815 0.033475 0.046236
1 0.398600 0.574733 0.039700 0.049243
1 0.717944 0.419688 0.028387 0.042049
1 0.550256 0.213241 0.025513 0.038953
1 0.699087 0.385880 0.038175 0.036793
1 0.835025 0.573241 0.030050 0.037350
1 0.720287 0.696737 0.033075 0.052717
1 0.877669 0.516347 0.032837 0.057194
1 0.486206 0.267350 0.032412 0.035813
1 0.631269 0.590145 0.037538 0.044432
1 0.452756 0.434755 0.028012 0.045457
1 0.835106 0.722472 0.035213 0.059644
1 0.216800 0.700947 0.033600 0.052227
1 0.271612 0.359432 0.030725 0.055167
1 0.663556 0.606559 0.034613 0.046080
1 0.556056 0.580189 0.037112 0.069065
1 0.897975 0.567038 0.038450 0.065033
1 0.575125 0.570646 0.037750 0.063341
1 0.731587 0.580045 0.035675 0.059866
1 0.497638 0.687739 0.035275 0.039176
1 0.513750 0.537049 0.035000 0.062962
1 0.365931 0.541748 0.031862 0.063452
1 0.137725 0.684488 0.027950 0.037127
1 0.753644 0.577539 0.032287 0.054855
1 0.611669 0.545880 0.040837 0.071715
1 0.496006 0.586949 0.027012 0.046949
1 0.415187 0.696292 0.030375 0.042918
1 0.548519 0.524399 0.032037 0.055479
1 0.586419 0.464532 0.035338 0.056013
1 0.302881 0.569131 0.060762 0.078129
1 0.548456 0.273040 0.026913 0.158552
1 0.652656 0.344332 0.042813 0.189777
1 0.439800 0.702249 0.017100 0.019198
1 0.380781 0.777673 0.039062 0.236860
1 0.502531 0.794076 0.062562 0.242940
1 0.725956 0.777673 0.059413 0.236860
1 0.063075 0.541325 0.008650 0.018062
1 0.625806 0.875390 0.026612 0.040312
1 0.129344 0.758062 0.018687 0.130824
1 0.267437 0.898875 0.029875 0.038285
1 0.829175 0.916771 0.030850 0.038441
1 0.141494 0.843352 0.017988 0.029688
1 0.183344 0.916782 0.041688 0.029555
1 0.893869 0.681225 0.027738 0.026147
1 0.286663 0.795958 0.023325 0.041804
1 0.316800 0.847105 0.033600 0.041648
1 0.711319 0.865468 0.017638 0.033831
1 0.248400 0.817027 0.031800 0.043853
1 0.631788 0.902272 0.041075 0.049532
1 0.796631 0.900991 0.020762 0.038062
1 0.799594 0.941158 0.024188 0.024855
1 0.458288 0.937494 0.021575 0.021982
1 0.462537 0.623396 0.017575 0.012940
1 0.171038 0.577584 0.027075 0.072762
1 0.249088 0.870668 0.035675 0.048686
1 0.661494 0.687071 0.015488 0.024477
1 0.439719 0.814209 0.021938 0.203029
