1 0.603619 0.449500 0.035987 0.025627
1 0.726956 0.464624 0.040163 0.028657
1 0.690978 0.279876 0.028206 0.024840
1 0.736800 0.484024 0.041100 0.027219
1 0.199612 0.272216 0.021725 0.022538
1 0.766581 0.312089 0.029413 0.036012
1 0.726100 0.142805 0.037200 0.020521
1 0.437516 0.167216 0.025031 0.019639
1 0.673981 0.508112 0.041712 0.041077
1 0.156197 0.284870 0.026144 0.036012
1 0.239456 0.721967 0.040163 0.036834
1 0.168375 0.236355 0.025500 0.027740
1 0.313300 0.774627 0.025350 0.022627
1 0.738237 0.287589 0.045225 0.031982
1 0.732972 0.220112 0.035944 0.024840
1 0.817716 0.700902 0.030431 0.018373
1 0.148903 0.245769 0.025306 0.027633
1 0.278731 0.315666 0.032462 0.034882
1 0.157525 0.221521 0.028800 0.018189
1 0.832400 0.205308 0.023550 0.026000
1 0.657097 0.240314 0.044194 0.038024
1 0.808772 0.218719 0.036294 0.030337
1 0.236000 0.172751 0.024500 0.018876
1 0.335009 0.232408 0.042519 0.037598
1 0.845666 0.678317 0.042581 0.041840
1 0.784466 0.241660 0.037681 0.031249
1 0.292866 0.778666 0.029481 0.028337
1 0.516750 0.172219 0.026000 0.029645
1 0.793503 0.725627 0.017006 0.027586
1 0.472934 0.798317 0.020869 0.019118
1 0.433244 0.793698 0.041487 0.014615
1 0.278422 0.181210 0.048094 0.051178
1 0.357437 0.772044 0.023625 0.021012
1 0.189503 0.684935 0.056506 0.053893
1 0.584250 0.305308 0.026000 0.030734
1 0.405047 0.221447 0.033844 0.029876
1 0.594675 0.398911 0.038100 0.033325
1 0.575759 0.425358 0.014019 0.017580
1 0.355356 0.166698 0.080712 0.054107
1 0.851784 0.212408 0.018569 0.017716
1 0.611375 0.341249 0.024000 0.028059
1 0.402081 0.621964 0.140412 0.148071
1 0.843434 0.217533 0.035619 0.035065
1 0.229928 0.200970 0.048606 0.069396
1 0.215047 0.398178 0.050094 0.047243
1 0.599125 0.482917 0.024500 0.015538
1 0.689847 0.488322 0.013444 0.013331
1 0.270056 0.649769 0.013862 0.011964
1 0.294297 0.400953 0.012344 0.011373
1 0.781659 0.366500 0.014569 0.012290
1 0.507369 0.494290 0.014737 0.014615
1 0.668141 0.738467 0.123781 0.093503
1 0.128809 0.220340 0.006369 0.006361
1 0.430494 0.257009 0.150987 0.183840
1 0.166600 0.591675 0.010700 0.010568
1 0.126553 0.257166 0.006856 0.006639
1 0.775325 0.526101 0.109400 0.166994
1 0.130981 0.467456 0.018212 0.018935
1 0.131178 0.426343 0.019856 0.025467
1 0.127463 0.292518 0.006175 0.007521
1 0.201578 0.544166 0.064406 0.069396
1 0.126787 0.428139 0.006075 0.007757
1 0.213434 0.131731 0.035619 0.029142
1 0.309206 0.130944 0.008412 0.005083
1 0.552719 0.698396 0.116687 0.177858
1 0.593872 0.591263 0.116494 0.171876
1 0.806781 0.229533 0.102312 0.099302
1 0.245831 0.410675 0.185413 0.237917
1 0.126409 0.410059 0.007819 0.008284
1 0.418834 0.384361 0.018919 0.017243
1 0.131622 0.292589 0.020744 0.021864
1 0.406134 0.575908 0.054769 0.048858
1 0.531997 0.149462 0.005244 0.006615
1 0.318903 0.128663 0.047806 0.025373
1 0.032150 0.573695 0.051800 0.044432
1 0.145069 0.501843 0.006388 0.014337
1 0.754847 0.684524 0.042194 0.037686
1 0.128525 0.681624 0.005800 0.007036
1 0.350472 0.136855 0.024694 0.029923
1 0.967244 0.041698 0.050738 0.044343
1 0.217369 0.041879 0.049737 0.043521
1 0.146903 0.185331 0.021306 0.038118
1 0.154128 0.174201 0.005756 0.007574
1 0.592400 0.042027 0.049800 0.042633
1 0.031619 0.218713 0.050738 0.044527
1 0.967291 0.397198 0.050831 0.044101
1 0.256944 0.146947 0.035138 0.012237
1 0.652491 0.322435 0.033731 0.025935
