1 0.402711 0.191889 0.049867 0.054889
1 0.638178 0.795733 0.058578 0.071467
1 0.398267 0.376178 0.058756 0.050133
1 0.545689 0.677178 0.069156 0.047689
1 0.380378 0.726467 0.067422 0.057378
1 0.140067 0.449178 0.057911 0.053911
1 0.750133 0.845978 0.051378 0.047511
1 0.461044 0.708356 0.077644 0.065600
1 0.785733 0.850644 0.051467 0.047956
1 0.370778 0.792689 0.048222 0.047600
1 0.115022 0.348800 0.043378 0.030933
1 0.227822 0.378511 0.073422 0.054800
1 0.212733 0.643911 0.078800 0.105600
1 0.441311 0.333511 0.055956 0.053689
1 0.380622 0.840578 0.050133 0.036711
1 0.309222 0.622067 0.058444 0.053022
1 0.168933 0.828822 0.062311 0.048756
1 0.890289 0.539978 0.056133 0.048844
1 0.638556 0.336000 0.059333 0.058667
1 0.501333 0.278178 0.051556 0.058578
1 0.521556 0.464556 0.056444 0.049111
1 0.438111 0.624156 0.058444 0.039422
1 0.303200 0.546956 0.055289 0.053911
1 0.401867 0.465067 0.057067 0.050133
1 0.377400 0.642622 0.043689 0.058578
1 0.831933 0.590644 0.054978 0.070178
1 0.173867 0.793644 0.045511 0.040622
1 0.541511 0.562156 0.043022 0.039867
1 0.682422 0.423311 0.067067 0.064400
1 0.173156 0.727244 0.044089 0.041156
1 0.838133 0.426844 0.049600 0.053689
1 0.432244 0.547844 0.055600 0.046800
1 0.564378 0.165667 0.062089 0.046889
1 0.321089 0.449822 0.064400 0.055200
1 0.234822 0.733200 0.069644 0.044178
1 0.486467 0.498867 0.048489 0.046622
1 0.664822 0.546844 0.076311 0.053689
1 0.248222 0.185644 0.043111 0.051289
1 0.737533 0.353089 0.043956 0.039511
1 0.853044 0.296600 0.043867 0.033200
1 0.409644 0.850511 0.037067 0.038800
1 0.754578 0.886311 0.051378 0.039289
1 0.577044 0.543711 0.051867 0.047422
1 0.745067 0.459067 0.067911 0.073689
1 0.135289 0.602978 0.075022 0.077067
1 0.436578 0.584444 0.046489 0.040000
1 0.219778 0.800156 0.039556 0.035867
1 0.256467 0.844467 0.041822 0.035600
1 0.725533 0.722444 0.073289 0.058222
1 0.498978 0.184556 0.064622 0.058000
1 0.330644 0.408600 0.056844 0.061644
1 0.857044 0.468689 0.051867 0.057378
1 0.933133 0.341244 0.052933 0.051378
1 0.219022 0.478089 0.091378 0.085067
1 0.076200 0.501022 0.036844 0.033156
1 0.932067 0.377933 0.050800 0.044756
1 0.725711 0.900756 0.029200 0.050400
1 0.229356 0.304911 0.085378 0.085378
1 0.678533 0.193289 0.068178 0.057689
1 0.056378 0.481111 0.041644 0.028889
1 0.537111 0.131600 0.043111 0.049867
1 0.897689 0.824711 0.026489 0.040533
1 0.456644 0.801422 0.042178 0.038400
1 0.446756 0.122533 0.075733 0.049511
1 0.141111 0.251889 0.068889 0.059333
1 0.597867 0.425711 0.066844 0.060311
1 0.908111 0.788422 0.038444 0.039067
1 0.204067 0.130511 0.043689 0.047689
1 0.591956 0.864689 0.037244 0.022711
1 0.534800 0.313800 0.145156 0.147600
1 0.090111 0.476333 0.109111 0.081556
1 0.146667 0.309889 0.124444 0.184222
1 0.279844 0.770089 0.053022 0.100178
1 0.195511 0.183333 0.079911 0.153333
1 0.306711 0.707667 0.062311 0.099778
1 0.552511 0.778867 0.056133 0.073289
1 0.131978 0.676644 0.086178 0.055511
1 0.606333 0.802756 0.074889 0.156622
1 0.831422 0.384511 0.080622 0.057911
1 0.102378 0.682867 0.035867 0.032400
1 0.797067 0.810133 0.065244 0.055822
1 0.896844 0.690489 0.051467 0.038756
1 0.079622 0.047978 0.132578 0.095956
