1 0.308745 0.647268 0.076950 0.088351
1 0.293089 0.652526 0.068803 0.067938
1 0.322761 0.633789 0.074093 0.071701
1 0.649170 0.538299 0.055097 0.055979
1 0.176486 0.510232 0.059537 0.082320
1 0.377490 0.637320 0.075444 0.078763
1 0.646834 0.636495 0.058147 0.066804
1 0.717490 0.540747 0.068185 0.071186
1 0.241660 0.569562 0.081776 0.097887
1 0.492819 0.549691 0.051274 0.068454
1 0.743475 0.711856 0.066100 0.062887
1 0.715579 0.334304 0.056641 0.060361
1 0.445270 0.559768 0.064286 0.078299
1 0.579826 0.668763 0.063127 0.059175
1 0.786351 0.606521 0.059189 0.079021
1 0.686795 0.458093 0.060849 0.081134
1 0.542954 0.614459 0.074324 0.084588
1 0.843127 0.576469 0.080077 0.080773
1 0.670000 0.359871 0.050425 0.059948
1 0.679112 0.703093 0.053205 0.055670
1 0.849537 0.545851 0.054286 0.060773
1 0.530714 0.515541 0.057568 0.082629
1 0.390077 0.553505 0.054286 0.076082
1 0.279903 0.706314 0.073320 0.082732
1 0.506564 0.457320 0.071042 0.089897
1 0.607606 0.487758 0.080077 0.099227
1 0.382124 0.710593 0.069266 0.080979
1 0.188726 0.331108 0.060849 0.105515
1 0.761062 0.358325 0.062664 0.067165
1 0.542703 0.288454 0.066100 0.061443
1 0.753050 0.465026 0.062085 0.074381
1 0.803147 0.695258 0.061892 0.081237
1 0.709382 0.583505 0.090579 0.074227
1 0.707008 0.290180 0.062664 0.075206
1 0.360927 0.301624 0.050039 0.056856
1 0.321313 0.542345 0.078919 0.115619
1 0.246004 0.426933 0.075019 0.080670
1 0.331873 0.316340 0.053707 0.055361
1 0.592008 0.349845 0.079768 0.081134
1 0.367027 0.411933 0.054517 0.071289
1 0.490270 0.707758 0.053900 0.065000
1 0.569865 0.715825 0.058649 0.050206
1 0.657876 0.244278 0.072510 0.055567
1 0.784981 0.290309 0.056448 0.054845
1 0.203668 0.696443 0.052124 0.073299
1 0.443726 0.363170 0.068919 0.076856
1 0.456313 0.288505 0.070927 0.051237
1 0.404247 0.277191 0.067181 0.059536
1 0.387297 0.484639 0.056448 0.072371
1 0.276332 0.358918 0.058456 0.068351
1 0.109363 0.510000 0.056564 0.081856
1 0.448764 0.247320 0.055830 0.051340
1 0.854286 0.446134 0.079228 0.067526
1 0.511950 0.371701 0.074093 0.073299
1 0.207587 0.258119 0.052239 0.031701
1 0.803417 0.520361 0.039266 0.051031
1 0.800000 0.228608 0.055598 0.055155
1 0.447259 0.723840 0.045097 0.045619
1 0.266429 0.254716 0.054093 0.045515
1 0.119093 0.398170 0.068301 0.074691
1 0.432162 0.463376 0.053514 0.060773
1 0.447239 0.303582 0.099112 0.122629
1 0.547336 0.482552 0.121699 0.171289
1 0.295290 0.218299 0.042317 0.075773
1 0.415579 0.410593 0.043514 0.089227
1 0.621544 0.176830 0.084788 0.065000
1 0.297645 0.441392 0.101081 0.150825
1 0.168571 0.605567 0.043707 0.056495
1 0.665734 0.587964 0.026448 0.052216
1 0.205232 0.736701 0.070695 0.030103
1 0.344807 0.689588 0.048687 0.069897
1 0.188012 0.582784 0.059421 0.062474
1 0.151892 0.641959 0.041236 0.046804
1 0.214788 0.647680 0.043475 0.047938
1 0.223571 0.721881 0.053320 0.052010
1 0.336602 0.421546 0.024556 0.090515
1 0.185792 0.634124 0.054981 0.072371
1 0.521622 0.666082 0.031660 0.043505
1 0.238340 0.669742 0.028803 0.040515
1 0.118456 0.433428 0.043861 0.062732
1 0.116892 0.572113 0.017568 0.030825
1 0.821718 0.495155 0.060425 0.072784
1 0.424344 0.699948 0.045598 0.049381
1 0.849595 0.708737 0.054402 0.066959
1 0.786873 0.407912 0.052510 0.114794
1 0.137046 0.686881 0.073320 0.095412
1 0.153166 0.345464 0.082394 0.154845
1 0.874363 0.665387 0.119382 0.165825
