1 0.559800 0.551776 0.050509 0.076230
1 0.507455 0.847486 0.054909 0.066557
1 0.325945 0.762923 0.062800 0.061366
1 0.363255 0.449508 0.042873 0.068415
1 0.277945 0.760984 0.046800 0.057486
1 0.523018 0.190765 0.049673 0.064590
1 0.302564 0.165055 0.066945 0.100601
1 0.408236 0.337869 0.052836 0.074645
1 0.447509 0.137732 0.058655 0.089672
1 0.391345 0.130383 0.055418 0.107760
1 0.783782 0.730137 0.069382 0.061366
1 0.767327 0.598607 0.043745 0.060601
1 0.692327 0.866885 0.075564 0.116284
1 0.776982 0.418962 0.048509 0.051038
1 0.203673 0.672541 0.050982 0.066393
1 0.383709 0.517732 0.061964 0.084645
1 0.868164 0.731393 0.049055 0.074809
1 0.679109 0.627213 0.049127 0.052240
1 0.365436 0.577459 0.061782 0.083880
1 0.792109 0.281311 0.042400 0.059891
1 0.199655 0.205109 0.064764 0.082350
1 0.805636 0.860383 0.054909 0.070492
1 0.671927 0.907678 0.042036 0.055792
1 0.208327 0.375027 0.067564 0.072459
1 0.847400 0.853333 0.036618 0.056393
1 0.425164 0.623989 0.064873 0.067650
1 0.510509 0.572213 0.068291 0.084317
1 0.628982 0.764126 0.079782 0.096557
1 0.563473 0.871120 0.072400 0.091967
1 0.840673 0.375164 0.059527 0.061803
1 0.876345 0.858497 0.043600 0.055792
1 0.401145 0.435628 0.053200 0.073443
1 0.271927 0.408388 0.063855 0.084536
1 0.913236 0.399071 0.051927 0.065902
1 0.328636 0.285847 0.075455 0.090820
1 0.411927 0.064590 0.038400 0.052678
1 0.622382 0.124290 0.044764 0.073716
1 0.832727 0.275082 0.036364 0.047432
1 0.400764 0.825519 0.081527 0.099126
1 0.314782 0.659945 0.091382 0.106776
1 0.569055 0.332104 0.076291 0.117760
1 0.538127 0.737623 0.050800 0.076339
1 0.316582 0.067186 0.051345 0.068798
1 0.934491 0.535519 0.050800 0.054645
1 0.454582 0.802131 0.036436 0.052350
1 0.912873 0.595301 0.065745 0.097705
1 0.487673 0.294918 0.080800 0.119891
1 0.536873 0.117350 0.077382 0.092623
1 0.076927 0.425984 0.044764 0.076011
1 0.490036 0.471284 0.063709 0.122896
1 0.687418 0.319044 0.094836 0.135355
1 0.920945 0.775820 0.045527 0.087158
1 0.505109 0.765628 0.050218 0.066776
1 0.695836 0.140984 0.053491 0.063388
1 0.604364 0.466503 0.096000 0.124262
1 0.932655 0.799672 0.039855 0.058361
1 0.956745 0.479645 0.051673 0.084973
1 0.430982 0.024590 0.061964 0.049180
1 0.794164 0.591230 0.104691 0.133279
1 0.345727 0.023798 0.036909 0.047596
1 0.552836 0.663989 0.109309 0.147650
1 0.734145 0.439836 0.144655 0.191148
1 0.156073 0.418579 0.159418 0.236066
1 0.732345 0.651612 0.097418 0.079180
1 0.549200 0.458279 0.043855 0.085956
1 0.504345 0.381230 0.048691 0.063005
1 0.368782 0.167049 0.017564 0.093661
1 0.272636 0.330710 0.058000 0.071257
1 0.381527 0.765656 0.057600 0.055902
1 0.623273 0.674836 0.046545 0.070984
1 0.294582 0.484344 0.043709 0.061585
1 0.830982 0.528169 0.054691 0.072732
1 0.637782 0.341557 0.075564 0.114809
1 0.253873 0.724126 0.056836 0.049344
