1 0.193416 0.660965 0.070090 0.058772
1 0.188801 0.483224 0.078959 0.062939
1 0.668597 0.268882 0.070226 0.055307
1 0.387670 0.635022 0.060407 0.068289
1 0.263416 0.651447 0.074344 0.083596
1 0.323620 0.354057 0.068054 0.058991
1 0.134412 0.504912 0.069729 0.062456
1 0.498348 0.466886 0.073620 0.065351
1 0.119118 0.613575 0.093439 0.086798
1 0.240701 0.456689 0.065113 0.053728
1 0.552851 0.818991 0.092127 0.067807
1 0.113620 0.686382 0.091493 0.074518
1 0.116968 0.759693 0.061991 0.063246
1 0.854570 0.548947 0.089231 0.071579
1 0.382262 0.374605 0.058643 0.065000
1 0.278258 0.300526 0.076878 0.065965
1 0.464864 0.772500 0.051900 0.062544
1 0.749593 0.655175 0.069321 0.064737
1 0.447172 0.386250 0.061765 0.061974
1 0.132421 0.398421 0.074796 0.068772
1 0.373529 0.696118 0.050226 0.058904
1 0.647602 0.643838 0.073484 0.050833
1 0.096018 0.822083 0.065339 0.073991
1 0.245430 0.558662 0.083620 0.099781
1 0.648326 0.752303 0.074932 0.074781
1 0.768484 0.444167 0.052805 0.055000
1 0.532986 0.323246 0.097647 0.076316
1 0.196131 0.328575 0.075520 0.060658
1 0.746538 0.473882 0.090362 0.079342
1 0.291742 0.876316 0.085747 0.059649
1 0.597217 0.705702 0.090362 0.078070
1 0.655995 0.594079 0.063122 0.047807
1 0.806923 0.802149 0.075385 0.095526
1 0.863846 0.632873 0.071584 0.072763
1 0.431109 0.692500 0.083937 0.060439
1 0.217443 0.830461 0.090995 0.081974
1 0.330679 0.770921 0.055023 0.068158
1 0.451267 0.829737 0.042805 0.045439
1 0.378054 0.530789 0.095475 0.087895
1 0.758824 0.564364 0.087783 0.067325
1 0.569118 0.648969 0.061312 0.052325
1 0.471923 0.568246 0.075068 0.083860
1 0.540543 0.592237 0.076561 0.079211
1 0.418914 0.736360 0.086697 0.042895
1 0.331041 0.669890 0.064796 0.085395
1 0.717308 0.810285 0.095249 0.103026
1 0.623801 0.536382 0.089231 0.081535
1 0.400045 0.921623 0.067059 0.062544
1 0.523824 0.901053 0.061222 0.065263
1 0.656357 0.884298 0.054796 0.066842
1 0.905113 0.365285 0.063620 0.055132
1 0.205928 0.916732 0.077014 0.061535
1 0.855995 0.246447 0.064932 0.063070
1 0.357715 0.903509 0.045747 0.043860
1 0.297783 0.762697 0.061629 0.086798
1 0.183303 0.198158 0.086063 0.045439
1 0.260724 0.171776 0.068959 0.080395
1 0.327330 0.150285 0.057376 0.063728
1 0.580679 0.905811 0.030136 0.039693
1 0.711855 0.291338 0.039095 0.065132
1 0.679344 0.334013 0.073620 0.132939
1 0.858190 0.285285 0.096471 0.149518
1 0.667104 0.296579 0.031041 0.066842
1 0.684412 0.663114 0.047557 0.054298
1 0.917647 0.559145 0.034389 0.048114
1 0.230724 0.619057 0.036109 0.053904
1 0.655747 0.385044 0.053575 0.085877
1 0.084819 0.658728 0.042941 0.036754
1 0.457602 0.503838 0.118824 0.086623
1 0.251561 0.383092 0.086833 0.073202
1 0.285882 0.922237 0.101176 0.055000
1 0.634615 0.847544 0.092760 0.081053
1 0.151968 0.322610 0.023394 0.031184
1 0.241810 0.694320 0.085430 0.046535
1 0.880724 0.588838 0.105339 0.037325
