1 0.406200 0.400933 0.047956 0.055200
1 0.396267 0.320378 0.045867 0.054089
1 0.487511 0.228467 0.050578 0.048044
1 0.260400 0.386133 0.049689 0.043378
1 0.680244 0.334822 0.053822 0.047422
1 0.491178 0.268289 0.049022 0.038800
1 0.747289 0.332467 0.054578 0.042711
1 0.349978 0.420667 0.051067 0.050222
1 0.452800 0.215533 0.034489 0.048844
1 0.678867 0.369844 0.059956 0.037467
1 0.443467 0.404844 0.042489 0.045244
1 0.591978 0.339756 0.063956 0.048400
1 0.615711 0.283311 0.040311 0.042178
1 0.546689 0.231400 0.035600 0.045022
1 0.482067 0.424622 0.048578 0.049244
1 0.772022 0.253000 0.041822 0.043778
1 0.531444 0.265200 0.040667 0.050400
1 0.423533 0.441800 0.055956 0.030267
1 0.546911 0.417556 0.053822 0.044000
1 0.329822 0.214622 0.046311 0.038133
1 0.577378 0.455089 0.052533 0.039067
1 0.166889 0.346667 0.040444 0.044444
1 0.813689 0.280333 0.036267 0.045111
1 0.619089 0.408267 0.047067 0.043200
1 0.727578 0.440778 0.041822 0.046000
1 0.618556 0.450378 0.054889 0.038533
1 0.447289 0.505844 0.050133 0.025022
1 0.553289 0.492733 0.057689 0.034356
1 0.126600 0.391311 0.039867 0.035956
1 0.241711 0.311600 0.038978 0.045422
1 0.266889 0.433911 0.036000 0.032267
1 0.120511 0.310822 0.036578 0.026089
1 0.900800 0.325333 0.050489 0.037333
1 0.886467 0.260222 0.048489 0.040444
1 0.094222 0.302267 0.055111 0.026756
1 0.755911 0.189911 0.036267 0.042044
1 0.338044 0.164044 0.036089 0.034756
1 0.230933 0.216822 0.044089 0.033644
1 0.828333 0.232311 0.030000 0.037956
1 0.262022 0.213600 0.035156 0.036089
1 0.703667 0.171822 0.038444 0.032533
1 0.648333 0.132600 0.034444 0.042978
1 0.545400 0.114600 0.033022 0.033644
1 0.136667 0.277933 0.033333 0.040311
1 0.461356 0.111578 0.042711 0.027600
1 0.540822 0.504578 0.077200 0.235822
1 0.625111 0.519422 0.050222 0.176622
1 0.350022 0.502667 0.077822 0.249778
1 0.260022 0.472467 0.066711 0.216044
1 0.508311 0.551622 0.056622 0.036578
1 0.246267 0.224733 0.092533 0.058356
1 0.485533 0.514222 0.055511 0.246222
1 0.714956 0.508111 0.052133 0.180667
1 0.396244 0.504378 0.063600 0.270978
1 0.785111 0.439956 0.050222 0.204356
1 0.571956 0.371244 0.050578 0.031378
1 0.447067 0.580689 0.049689 0.183600
1 0.757378 0.564644 0.039200 0.035956
1 0.684622 0.601956 0.053689 0.030578
1 0.880244 0.404089 0.098267 0.203733
1 0.507933 0.608778 0.064756 0.159778
1 0.306711 0.600667 0.062311 0.045778
1 0.663933 0.491844 0.047867 0.228133
1 0.702911 0.586044 0.081378 0.060978
1 0.812356 0.425222 0.042489 0.210444
1 0.190133 0.469178 0.051378 0.156133
1 0.834156 0.511933 0.068311 0.054978
1 0.588689 0.666311 0.084044 0.052622
1 0.165889 0.456778 0.038444 0.131333
1 0.472822 0.676556 0.198978 0.064222
1 0.764333 0.453067 0.026444 0.177244
