1 0.069194 0.281977 0.055056 0.053494
1 0.863528 0.746747 0.082611 0.066715
1 0.866486 0.210952 0.044083 0.032782
1 0.142750 0.230136 0.079944 0.050230
1 0.130319 0.462699 0.077306 0.063473
1 0.457722 0.090764 0.059889 0.039268
1 0.706736 0.084435 0.057917 0.060084
1 0.153056 0.693536 0.072778 0.039791
1 0.136194 0.286276 0.161278 0.083013
1 0.110014 0.459990 0.036694 0.032950
1 0.474264 0.115303 0.081861 0.092531
1 0.120153 0.224958 0.045861 0.027322
1 0.803194 0.181893 0.078611 0.066715
1 0.291125 0.158149 0.043361 0.052699
1 0.712028 0.844812 0.079611 0.032720
1 0.397014 0.887029 0.082917 0.066946
1 0.374139 0.136036 0.070500 0.100523
1 0.739944 0.770492 0.091000 0.068180
1 0.860222 0.280565 0.031556 0.038117
1 0.219097 0.861590 0.054861 0.024435
1 0.672764 0.127228 0.128861 0.141485
1 0.880917 0.729090 0.045167 0.027218
1 0.234472 0.154895 0.091167 0.092218
1 0.391653 0.097050 0.033306 0.018368
1 0.353153 0.095722 0.034083 0.015711
1 0.838681 0.461234 0.038472 0.027071
1 0.844528 0.384006 0.027944 0.027427
1 0.113375 0.291015 0.082306 0.021360
1 0.660972 0.879540 0.033056 0.026862
1 0.791278 0.550387 0.104778 0.084038
1 0.444458 0.097542 0.033361 0.019351
1 0.835764 0.743065 0.038194 0.021695
1 0.146875 0.589059 0.043750 0.031674
1 0.206403 0.198117 0.212806 0.170293
1 0.315694 0.440816 0.086944 0.065732
1 0.824708 0.359770 0.060528 0.037531
1 0.233250 0.119697 0.027611 0.017636
1 0.160319 0.768860 0.042861 0.031444
1 0.820819 0.805335 0.024972 0.024895
1 0.578403 0.864634 0.045694 0.034707
1 0.191333 0.750167 0.121556 0.094477
1 0.823944 0.158661 0.036778 0.020251
1 0.386778 0.171485 0.156889 0.167238
1 0.784444 0.158023 0.046667 0.018975
1 0.155958 0.556778 0.045250 0.038243
1 0.526556 0.107458 0.025333 0.018264
1 0.372014 0.894268 0.038472 0.022845
1 0.423222 0.876192 0.040889 0.032720
1 0.296917 0.819801 0.043833 0.032908
1 0.204972 0.710042 0.043278 0.030962
1 0.644542 0.176893 0.116861 0.086004
1 0.801278 0.635910 0.041444 0.033326
1 0.204917 0.351077 0.148722 0.141485
1 0.716542 0.456475 0.121972 0.088682
1 0.234208 0.846998 0.085083 0.058013
1 0.828014 0.784728 0.028250 0.021339
1 0.348125 0.361412 0.140694 0.141234
1 0.327083 0.888787 0.026389 0.024435
1 0.534333 0.241914 0.146444 0.119812
1 0.463889 0.829477 0.122222 0.102469
1 0.594583 0.767458 0.155833 0.124874
1 0.574819 0.215042 0.049639 0.036778
1 0.299764 0.868923 0.038417 0.022364
1 0.243333 0.674958 0.042222 0.031925
1 0.371778 0.733734 0.060222 0.040690
1 0.344139 0.610335 0.049389 0.036569
1 0.777556 0.573787 0.049556 0.034603
1 0.267542 0.702144 0.146194 0.103033
1 0.496986 0.570994 0.149528 0.125251
1 0.480208 0.475805 0.127083 0.093870
1 0.348056 0.836506 0.051667 0.032845
1 0.382278 0.641851 0.047889 0.036841
1 0.675889 0.280105 0.040667 0.033013
1 0.737972 0.532312 0.048167 0.035335
1 0.701111 0.501559 0.057778 0.032406
1 0.593208 0.677228 0.041972 0.032280
1 0.195778 0.238619 0.058222 0.067197
1 0.641667 0.852751 0.044444 0.056967
1 0.835861 0.515868 0.055056 0.040105
1 0.798583 0.774550 0.052722 0.042824
