1 0.216856 0.877181 0.083196 0.055521
1 0.156314 0.904112 0.054897 0.047606
1 0.229098 0.513359 0.066443 0.046023
1 0.213995 0.594537 0.067165 0.046216
1 0.824149 0.470309 0.060670 0.044865
1 0.829716 0.760386 0.071804 0.053591
1 0.442732 0.754517 0.071031 0.057297
1 0.351211 0.189035 0.052938 0.046023
1 0.185103 0.912181 0.050619 0.048301
1 0.362371 0.363919 0.085567 0.056023
1 0.154716 0.200116 0.082629 0.045019
1 0.785232 0.285830 0.075619 0.054286
1 0.714278 0.550077 0.067732 0.042239
1 0.170052 0.265077 0.072062 0.059112
1 0.310000 0.642876 0.063299 0.050232
1 0.701057 0.820656 0.061907 0.050579
1 0.519124 0.804807 0.058866 0.049768
1 0.111366 0.582973 0.068093 0.038533
1 0.358402 0.426062 0.087938 0.056757
1 0.800799 0.423803 0.086134 0.059961
1 0.554871 0.719247 0.058196 0.056255
1 0.508428 0.365598 0.058093 0.051660
1 0.278170 0.798938 0.082113 0.061197
1 0.703531 0.462413 0.077165 0.052239
1 0.813093 0.527587 0.059175 0.043591
1 0.297371 0.200425 0.068969 0.068803
1 0.553299 0.856197 0.065361 0.044440
1 0.969613 0.353649 0.052629 0.035483
1 0.472732 0.785579 0.058866 0.065367
1 0.197706 0.403166 0.086134 0.041853
1 0.139794 0.479846 0.073402 0.048494
1 0.881985 0.598050 0.052629 0.045521
1 0.642010 0.867722 0.067526 0.052046
1 0.369356 0.710521 0.078918 0.046525
1 0.569407 0.108263 0.046031 0.046641
1 0.967165 0.311042 0.047732 0.035212
1 0.034485 0.829884 0.068969 0.053591
1 0.074021 0.168533 0.055258 0.035907
1 0.626108 0.466023 0.087268 0.067181
1 0.826572 0.588417 0.086134 0.064865
1 0.312629 0.864575 0.068557 0.084363
1 0.722165 0.162838 0.073196 0.047683
1 0.516985 0.565927 0.075206 0.066216
1 0.510515 0.261583 0.082887 0.052124
1 0.135490 0.128243 0.075103 0.055714
1 0.784485 0.936293 0.063814 0.057915
1 0.159433 0.064228 0.071443 0.043514
1 0.889278 0.343224 0.056907 0.037799
1 0.437577 0.275290 0.071031 0.033205
1 0.594330 0.547645 0.054639 0.052819
1 0.248273 0.061293 0.063557 0.045367
1 0.901237 0.103919 0.060206 0.053398
1 0.492088 0.415328 0.087268 0.058456
1 0.601392 0.264653 0.089381 0.065985
1 0.781649 0.645309 0.089072 0.039653
1 0.428505 0.956255 0.063196 0.066950
1 0.970644 0.392104 0.054691 0.042896
1 0.024665 0.069459 0.049330 0.053977
1 0.313015 0.955174 0.069330 0.072510
1 0.661469 0.118340 0.065206 0.051351
1 0.594639 0.033533 0.055258 0.036178
1 0.581727 0.959575 0.070670 0.058147
1 0.397216 0.789923 0.052165 0.050888
1 0.155773 0.541892 0.084742 0.056757
1 0.951753 0.418552 0.047835 0.034015
1 0.094278 0.268649 0.054536 0.050811
1 0.513608 0.182452 0.078763 0.048301
1 0.482526 0.909498 0.088763 0.066100
1 0.028015 0.165598 0.045722 0.037761
1 0.044227 0.885270 0.088454 0.071699
1 0.305593 0.278861 0.126649 0.071236
1 0.703686 0.913726 0.056856 0.082278
1 0.128479 0.617162 0.102320 0.068301
1 0.964124 0.790946 0.041649 0.052934
1 0.974356 0.261602 0.041495 0.036718
1 0.564897 0.205097 0.109175 0.070425
1 0.058428 0.018224 0.044691 0.036448
1 0.943763 0.251004 0.031856 0.038687
1 0.945851 0.210097 0.046340 0.026371
1 0.113376 0.024015 0.061804 0.040309
1 0.637655 0.733398 0.038196 0.038224
1 0.267784 0.477239 0.164433 0.105058
1 0.356546 0.943938 0.094536 0.096371
1 0.635876 0.660656 0.096495 0.078069
1 0.623634 0.329344 0.082320 0.064093
1 0.243918 0.304131 0.137320 0.090888
1 0.672809 0.166216 0.098196 0.170270
1 0.026778 0.710888 0.043247 0.047259
1 0.805619 0.860734 0.188557 0.161622
1 0.349433 0.487876 0.152474 0.126332
1 0.213479 0.120405 0.127990 0.155869
1 0.326753 0.079749 0.076186 0.113166
1 0.203015 0.936853 0.189536 0.043591
1 0.963711 0.542915 0.071753 0.128301
1 0.314459 0.023958 0.165000 0.047915
1 0.014820 0.208938 0.029639 0.016332
