1 0.338542 0.429020 0.031250 0.026667
1 0.407969 0.467373 0.034688 0.024941
1 0.651172 0.275510 0.041927 0.025529
1 0.314297 0.577235 0.045260 0.032902
1 0.656849 0.514333 0.042865 0.024745
1 0.416016 0.327471 0.040365 0.027490
1 0.382943 0.313922 0.036719 0.023922
1 0.452187 0.447294 0.050208 0.039686
1 0.495182 0.386843 0.052865 0.028588
1 0.543229 0.564196 0.034375 0.022510
1 0.552682 0.614941 0.042865 0.029882
1 0.455573 0.503627 0.046562 0.026863
1 0.692734 0.492843 0.031302 0.020980
1 0.542995 0.224039 0.044323 0.024549
1 0.360781 0.250745 0.034063 0.023059
1 0.569479 0.330529 0.034792 0.025765
1 0.683073 0.408353 0.043229 0.032392
1 0.499427 0.563784 0.030104 0.021686
1 0.525729 0.358176 0.051458 0.049686
1 0.429010 0.365059 0.035104 0.024235
1 0.568307 0.655824 0.053281 0.033216
1 0.348385 0.543196 0.040521 0.027569
1 0.322813 0.675706 0.051875 0.041608
1 0.398984 0.395216 0.037552 0.029647
1 0.543724 0.433686 0.045781 0.043843
1 0.464401 0.274275 0.053802 0.023059
1 0.410208 0.195490 0.028750 0.022353
1 0.541432 0.501176 0.030781 0.021961
1 0.338750 0.189098 0.042083 0.033098
1 0.709661 0.638588 0.033906 0.022275
1 0.208099 0.275451 0.030781 0.025412
1 0.180495 0.388647 0.038073 0.024353
1 0.264661 0.399510 0.029323 0.022549
1 0.216875 0.344235 0.027500 0.021804
1 0.272891 0.431863 0.035365 0.024510
1 0.645521 0.531745 0.030625 0.020353
1 0.525000 0.418980 0.029167 0.022275
1 0.700833 0.556961 0.068333 0.031569
1 0.726641 0.428176 0.036615 0.024980
1 0.636667 0.609137 0.033750 0.026118
1 0.486875 0.627333 0.057083 0.038980
1 0.714792 0.744843 0.044167 0.030863
1 0.479245 0.665039 0.041823 0.028118
1 0.391771 0.544745 0.075208 0.054196
1 0.163568 0.360157 0.025052 0.022275
1 0.536224 0.734039 0.062031 0.032784
1 0.384583 0.458176 0.029583 0.022235
1 0.304609 0.312176 0.036302 0.028275
1 0.786745 0.415784 0.042240 0.039412
1 0.285677 0.626725 0.071354 0.045608
1 0.202656 0.249882 0.030313 0.021333
1 0.799323 0.356745 0.036146 0.031137
1 0.359010 0.345431 0.030521 0.024196
1 0.324193 0.796039 0.033802 0.031294
1 0.352891 0.715235 0.112031 0.089294
1 0.770417 0.300863 0.040833 0.021333
1 0.372214 0.654961 0.056927 0.039333
1 0.550469 0.548882 0.111354 0.070314
1 0.191016 0.218020 0.038281 0.028196
1 0.597578 0.139961 0.028490 0.028941
1 0.390052 0.600157 0.040521 0.031686
1 0.240625 0.182314 0.033333 0.027373
1 0.721172 0.569294 0.119427 0.064078
1 0.193229 0.425196 0.042708 0.026863
1 0.576510 0.673922 0.048854 0.038039
1 0.153047 0.339804 0.024844 0.020784
1 0.782500 0.557725 0.033750 0.025255
1 0.817161 0.463863 0.040573 0.033608
1 0.834453 0.433608 0.023073 0.028000
1 0.776042 0.538275 0.020833 0.017725
1 0.273385 0.119725 0.025938 0.019843
1 0.794635 0.459000 0.026771 0.031725
1 0.174896 0.696314 0.026875 0.020078
1 0.203438 0.775412 0.031875 0.021412
1 0.161693 0.307235 0.031719 0.018392
1 0.715026 0.131745 0.023802 0.020353
1 0.758073 0.139843 0.026562 0.020863
1 0.827083 0.449412 0.039583 0.051765
1 0.491146 0.141098 0.034375 0.046902
1 0.725365 0.792373 0.044479 0.039647
1 0.484063 0.803255 0.030625 0.022196
1 0.380859 0.110157 0.032552 0.024235
1 0.163516 0.264647 0.024948 0.019490
1 0.191797 0.689176 0.060677 0.045020
1 0.213333 0.763176 0.051667 0.044000
1 0.603724 0.626314 0.051198 0.044784
1 0.226589 0.199216 0.088594 0.069020
1 0.372318 0.757824 0.119635 0.088196
1 0.728203 0.116902 0.029323 0.022039
1 0.171302 0.457902 0.019688 0.013843
1 0.816094 0.280706 0.038437 0.020235
1 0.316276 0.090451 0.038802 0.024039
1 0.290964 0.123647 0.029844 0.019843
1 0.139375 0.381843 0.018333 0.026431
1 0.491693 0.164510 0.066719 0.101569
1 0.585313 0.155706 0.066458 0.076118
1 0.563203 0.466843 0.063906 0.063098
1 0.516484 0.823255 0.022552 0.015137
1 0.205339 0.472471 0.077344 0.058667
1 0.285156 0.790314 0.059896 0.043373
1 0.532135 0.780353 0.074688 0.031294
1 0.269505 0.725804 0.070260 0.063373
1 0.573437 0.789784 0.105208 0.058000
1 0.300990 0.110627 0.081146 0.064392
1 0.663229 0.725745 0.076458 0.055412
1 0.559010 0.827941 0.024271 0.016667
1 0.510885 0.770922 0.021771 0.028118
1 0.269427 0.660706 0.059688 0.050824
1 0.543594 0.709294 0.066354 0.030353
1 0.636563 0.197353 0.075208 0.041765
1 0.495052 0.786549 0.073438 0.043686
1 0.642760 0.803804 0.087604 0.038980
1 0.289089 0.166078 0.026094 0.018431
1 0.281849 0.221118 0.063698 0.057922
1 0.736979 0.222941 0.046875 0.053725
