1 0.279167 0.506216 0.047917 0.032039
1 0.229297 0.551627 0.062760 0.044431
1 0.310443 0.348294 0.037552 0.037765
1 0.121771 0.532078 0.045625 0.036706
1 0.062656 0.361157 0.041979 0.039961
1 0.320026 0.372431 0.046302 0.046824
1 0.603750 0.360627 0.051250 0.038902
1 0.179375 0.498039 0.046250 0.031373
1 0.381536 0.623157 0.054740 0.046314
1 0.346432 0.557098 0.047031 0.047529
1 0.415938 0.411882 0.040208 0.031608
1 0.093828 0.537353 0.041823 0.031569
1 0.459766 0.526078 0.044531 0.032549
1 0.239714 0.511000 0.052344 0.041608
1 0.146016 0.621725 0.052448 0.035608
1 0.234062 0.576216 0.041042 0.030863
1 0.392760 0.433431 0.045937 0.035490
1 0.629245 0.534196 0.060573 0.048784
1 0.132526 0.494902 0.046302 0.032941
1 0.237734 0.371804 0.058802 0.053412
1 0.119583 0.394078 0.051667 0.050902
1 0.496042 0.402353 0.065000 0.051765
1 0.595755 0.306745 0.035260 0.040941
1 0.077786 0.491863 0.040990 0.034706
1 0.073776 0.693824 0.043385 0.030784
1 0.057005 0.652118 0.061927 0.057176
1 0.272266 0.462078 0.044531 0.030039
1 0.518177 0.342157 0.046771 0.033333
1 0.696510 0.477824 0.038854 0.030157
1 0.036224 0.360725 0.041198 0.031255
1 0.642943 0.353039 0.035885 0.031569
1 0.429505 0.725098 0.077760 0.054118
1 0.452865 0.312529 0.051563 0.044667
1 0.039193 0.693745 0.036719 0.030627
1 0.295078 0.222627 0.048490 0.045255
1 0.039349 0.532216 0.047448 0.036980
1 0.167682 0.321588 0.064531 0.047098
1 0.541536 0.647020 0.083073 0.062667
1 0.439505 0.551471 0.035260 0.028431
1 0.514271 0.789863 0.059792 0.050314
1 0.498698 0.466922 0.059896 0.055412
1 0.425365 0.190392 0.048646 0.035686
1 0.234948 0.443961 0.042813 0.033020
1 0.483776 0.225196 0.071719 0.058235
1 0.256250 0.187922 0.043750 0.038588
1 0.577135 0.504824 0.039688 0.029255
1 0.518203 0.693608 0.078073 0.053882
1 0.176354 0.282471 0.040208 0.031608
1 0.188724 0.442961 0.044115 0.031020
1 0.541953 0.448118 0.031823 0.025647
1 0.319948 0.637608 0.035729 0.028157
1 0.195104 0.704725 0.088125 0.060431
1 0.091849 0.587216 0.100365 0.068549
1 0.688854 0.304333 0.033958 0.028275
1 0.698646 0.240647 0.053542 0.042078
1 0.018646 0.638843 0.026875 0.030627
1 0.604792 0.809294 0.053333 0.049961
1 0.614167 0.360471 0.092917 0.077804
1 0.461719 0.352961 0.027604 0.023569
1 0.547448 0.209353 0.084479 0.057922
1 0.552760 0.380333 0.043021 0.031255
1 0.177500 0.392549 0.084167 0.079216
1 0.082552 0.192431 0.040104 0.031922
1 0.558411 0.654039 0.179323 0.131608
1 0.079297 0.327510 0.054427 0.043255
1 0.755859 0.494706 0.032552 0.024706
1 0.455729 0.484137 0.046875 0.034941
1 0.045547 0.787118 0.028594 0.029137
1 0.793542 0.446392 0.066250 0.030039
1 0.102969 0.170235 0.091354 0.081647
1 0.700781 0.583314 0.089063 0.107804
1 0.276094 0.806569 0.052187 0.060196
1 0.154870 0.738255 0.070156 0.049059
1 0.333177 0.155176 0.062187 0.067216
1 0.509479 0.273627 0.123125 0.060980
1 0.566745 0.889608 0.039740 0.030196
1 0.665391 0.779471 0.112031 0.155020
1 0.715911 0.521451 0.202656 0.242902
1 0.233724 0.748510 0.082031 0.053882
1 0.627318 0.424431 0.056719 0.103765
1 0.248229 0.814059 0.069375 0.083020
1 0.356432 0.781667 0.171198 0.167255
1 0.086250 0.757098 0.057917 0.078902
1 0.775911 0.468353 0.103906 0.073961
1 0.093672 0.228431 0.031094 0.080392
1 0.227161 0.219098 0.089740 0.046039
