1 0.280286 0.488275 0.060573 0.043216
1 0.341198 0.620059 0.057396 0.032275
1 0.337214 0.706451 0.039010 0.024667
1 0.342109 0.555333 0.059219 0.044000
1 0.690182 0.540804 0.057448 0.030627
1 0.766302 0.450275 0.053437 0.037804
1 0.712995 0.656588 0.050990 0.026902
1 0.699870 0.685725 0.055990 0.038118
1 0.491094 0.260627 0.065521 0.042824
1 0.658255 0.712922 0.056094 0.029765
1 0.456641 0.324157 0.059115 0.028706
1 0.566016 0.623373 0.059115 0.038902
1 0.701979 0.589314 0.049792 0.033529
1 0.759271 0.337882 0.060208 0.048314
1 0.732917 0.733627 0.059583 0.039804
1 0.385078 0.558922 0.061823 0.035490
1 0.772734 0.666725 0.055885 0.031490
1 0.408646 0.667255 0.056875 0.032549
1 0.353932 0.415980 0.062031 0.039804
1 0.269896 0.695667 0.071042 0.034471
1 0.697422 0.460255 0.061510 0.042078
1 0.513490 0.333039 0.047813 0.030784
1 0.438464 0.570118 0.043594 0.026510
1 0.292995 0.747569 0.044323 0.028471
1 0.696328 0.420059 0.069740 0.032275
1 0.460286 0.751667 0.055990 0.028824
1 0.617318 0.496745 0.067969 0.036627
1 0.282005 0.643863 0.074427 0.056353
1 0.407552 0.426980 0.044271 0.030431
1 0.511042 0.541157 0.053333 0.039176
1 0.784609 0.733549 0.048385 0.039647
1 0.495521 0.486020 0.053542 0.038706
1 0.545755 0.571627 0.049844 0.029529
1 0.421927 0.367098 0.052187 0.036157
1 0.684349 0.318412 0.045781 0.025059
1 0.354896 0.716686 0.032708 0.021608
1 0.767370 0.581176 0.055573 0.040784
1 0.452969 0.600765 0.051771 0.032902
1 0.799844 0.307804 0.068437 0.035216
1 0.509844 0.696549 0.061354 0.036235
1 0.221693 0.614608 0.078802 0.037059
1 0.505417 0.367961 0.042083 0.030039
1 0.393932 0.296843 0.069115 0.044667
1 0.195208 0.534804 0.046667 0.034314
1 0.235807 0.504373 0.044531 0.020510
1 0.568255 0.768588 0.063594 0.031294
1 0.289245 0.288922 0.078490 0.068039
1 0.654089 0.200627 0.047760 0.040471
1 0.469505 0.404510 0.074427 0.048235
1 0.492214 0.783255 0.046927 0.029255
1 0.450833 0.433882 0.057917 0.028549
1 0.860026 0.585863 0.042969 0.034471
1 0.677969 0.262020 0.043437 0.029922
1 0.404297 0.759431 0.048177 0.028667
1 0.564089 0.719392 0.034427 0.019176
1 0.520781 0.216490 0.072813 0.048667
1 0.329323 0.217804 0.064896 0.043451
1 0.397422 0.282961 0.034427 0.024745
1 0.872109 0.546451 0.046302 0.041922
1 0.222760 0.251412 0.060104 0.032235
1 0.613542 0.320980 0.070833 0.053725
1 0.315182 0.191412 0.047031 0.029882
1 0.213542 0.428039 0.041667 0.040392
1 0.247578 0.211451 0.036823 0.030745
1 0.417266 0.181255 0.063698 0.040941
1 0.203333 0.574157 0.042083 0.034588
1 0.830937 0.267039 0.047292 0.039961
1 0.599375 0.209882 0.105000 0.058980
1 0.221823 0.202706 0.037396 0.028941
1 0.695443 0.174922 0.036719 0.020431
1 0.406927 0.260059 0.126354 0.073059
1 0.243385 0.355588 0.059688 0.028824
1 0.687526 0.479980 0.114635 0.081529
1 0.508073 0.747451 0.068229 0.083137
1 0.524141 0.166157 0.058698 0.049961
1 0.629323 0.170863 0.039896 0.020157
1 0.527917 0.394863 0.107917 0.083843
1 0.466146 0.160549 0.036458 0.023059
1 0.221094 0.298765 0.035938 0.024980
1 0.797760 0.418000 0.064271 0.036000
1 0.285964 0.536392 0.061510 0.123765
1 0.354870 0.288667 0.063906 0.051843
1 0.394896 0.194804 0.123125 0.075882
1 0.610286 0.359373 0.095573 0.099137
1 0.731484 0.204098 0.087969 0.070941
1 0.468672 0.183784 0.041510 0.069529
1 0.241875 0.444333 0.067083 0.057294
1 0.648438 0.761294 0.026042 0.079451
1 0.607526 0.781255 0.069219 0.040941
1 0.533516 0.240647 0.171198 0.065608
1 0.782682 0.638608 0.096615 0.030157
1 0.460312 0.809392 0.066458 0.058000
1 0.635104 0.815098 0.051458 0.053725
1 0.773151 0.210765 0.056719 0.052902
1 0.692604 0.795706 0.062292 0.062000
1 0.518594 0.236961 0.089271 0.034706
1 0.245286 0.824745 0.042656 0.025961
1 0.723021 0.786510 0.050208 0.051451
1 0.525729 0.823059 0.051458 0.030431
1 0.364401 0.811725 0.093385 0.054824
1 0.296589 0.774176 0.082760 0.042471
1 0.615313 0.828098 0.022292 0.016980
1 0.267995 0.821118 0.025573 0.018706
