1 0.609815 0.869675 0.051846 0.082544
1 0.732450 0.834349 0.055503 0.106568
1 0.099128 0.524970 0.050604 0.067692
1 0.215168 0.371893 0.047785 0.069231
1 0.656896 0.539053 0.052047 0.072189
1 0.468205 0.831213 0.050503 0.076627
1 0.796074 0.644734 0.068658 0.129704
1 0.487919 0.898254 0.042953 0.080533
1 0.196074 0.751243 0.049866 0.082367
1 0.338607 0.870148 0.059765 0.083491
1 0.390285 0.930207 0.075872 0.108935
1 0.882752 0.496627 0.054094 0.070178
1 0.149245 0.602604 0.063591 0.092781
1 0.831997 0.799645 0.059966 0.120000
1 0.149698 0.514556 0.051074 0.070533
1 0.765839 0.902189 0.061879 0.100237
1 0.868188 0.889793 0.045101 0.087278
1 0.712517 0.611627 0.042483 0.063491
1 0.576611 0.539882 0.065973 0.097515
1 0.319279 0.288787 0.041242 0.080533
1 0.138607 0.293757 0.049027 0.078639
1 0.847987 0.295947 0.038255 0.094852
1 0.053859 0.906923 0.033893 0.097870
1 0.471292 0.533107 0.049966 0.083964
1 0.082181 0.883343 0.036846 0.074379
1 0.895839 0.660355 0.046711 0.078107
1 0.588725 0.928432 0.056644 0.069882
1 0.942970 0.753521 0.040302 0.075089
1 0.964295 0.810680 0.049396 0.106568
1 0.348708 0.683166 0.039698 0.064556
1 0.770923 0.226982 0.045201 0.087101
1 0.628440 0.164882 0.035403 0.057574
1 0.164279 0.448225 0.053389 0.068047
1 0.051779 0.695266 0.036443 0.076923
1 0.479430 0.255769 0.052819 0.073669
1 0.273876 0.719970 0.091376 0.150000
1 0.390587 0.622456 0.063054 0.096982
1 0.835973 0.890917 0.067919 0.101361
1 0.406242 0.456095 0.074228 0.083787
1 0.585436 0.161361 0.056779 0.074201
1 0.424983 0.238225 0.058020 0.097751
1 0.327567 0.398254 0.098087 0.110118
1 0.743775 0.647485 0.044597 0.076036
1 0.423708 0.381154 0.068893 0.087751
1 0.818591 0.179053 0.066711 0.133254
1 0.014564 0.813728 0.029128 0.065325
1 0.120956 0.360089 0.033859 0.057456
1 0.597517 0.768669 0.074228 0.117219
1 0.191393 0.512781 0.060638 0.137988
1 0.640000 0.246331 0.065235 0.113964
1 0.012685 0.876331 0.025369 0.060355
1 0.782013 0.083166 0.047248 0.083491
1 0.241829 0.527604 0.060839 0.108462
1 0.619849 0.436331 0.112181 0.138935
1 0.473691 0.292722 0.101745 0.135740
1 0.568909 0.592071 0.157953 0.225562
1 0.328339 0.297722 0.133188 0.193077
1 0.895654 0.773905 0.066477 0.044852
1 0.572198 0.329615 0.130973 0.185858
1 0.430201 0.332219 0.048322 0.084556
1 0.209077 0.179024 0.049027 0.085858
1 0.863674 0.264112 0.029362 0.043018
1 0.668423 0.878521 0.115369 0.100237
1 0.100101 0.723757 0.092819 0.039231
1 0.385923 0.700947 0.060436 0.100118
1 0.748624 0.756450 0.107987 0.092781
